5000
3541
4026
2608
5585
5210
6475
3155
9501
3462
2771
9477
9368
4637
4189
5337
5988
5648
8682
2643
1508
452
7467
6146
6076
6620
2098
7854
1693
5209
6364
982
3752
741
5868
4557
7703
3131
7851
8558
4193
9217
81
3689
7011
7918
3004
8891
3102
3699
5315
9795
6432
3290
7690
9066
1587
6180
6802
4158
4635
5490
1444
3871
5613
1365
5994
3392
7420
6591
5458
6817
2790
3769
4434
3955
3813
6481
312
4967
8273
9454
6979
1017
5047
4289
4153
9210
4007
8938
6121
4466
4800
5373
2529
6549
1583
261
6827
3940
8927
5057
3309
3940
1279
6972
4293
7125
2492
556
3765
2813
4802
9696
663
5214
6159
3050
4626
276
7209
6885
6522
5467
4966
5574
9456
6561
6967
5980
8781
351
7611
8767
5574
6438
1958
1740
127
7674
4035
9795
4072
5300
3490
9019
1085
5742
2116
2159
3790
2836
7102
8577
9570
3514
2127
4356
3413
6064
6874
7586
8642
1212
828
1822
832
1038
8960
2901
2972
2610
7268
4734
628
4081
120
5443
9190
2330
1414
9403
1989
4331
6507
172
4060
1251
165
6349
5327
322
5983
6065
77
4444
803
1594
2947
6384
3724
6764
9481
6771
6676
4076
8762
9252
1997
5383
7711
3493
2812
1907
4680
2174
2607
5293
7718
380
3533
8153
1379
6725
580
3138
9264
9825
6690
531
9619
3599
542
2423
4274
1669
3076
1258
8249
9735
4232
4384
6693
4010
5562
8107
7922
7654
2823
1836
2399
2980
6937
365
3705
3944
2520
3255
279
6917
8306
9308
71
2340
1889
774
4288
2084
3080
1688
2748
2231
2667
9242
6339
2935
5907
7010
5906
1638
4979
6638
5237
6087
502
3329
4234
4185
9617
2701
5159
5290
3754
4799
9433
5081
1455
140
1676
1776
6573
8753
9006
3813
4727
9932
2537
6460
5348
7496
9371
5074
8043
8548
9580
2170
9515
2055
273
6115
3343
588
8540
4148
750
2683
5551
5192
3019
5917
8261
7694
7771
3335
9706
8660
5015
3720
7999
7902
281
1269
1757
7390
6996
1678
3558
1189
5806
3565
2930
674
4195
3832
4241
1489
8630
6312
3558
8147
7753
3861
9003
2622
6209
789
3383
8433
6310
3404
6107
1588
2040
6150
3905
4935
6807
2495
5092
8608
8245
1135
5663
8208
8608
2379
9534
3203
6415
1354
9801
2513
4512
6699
2433
7876
573
9914
6839
715
7930
2461
6822
7184
8861
5164
1795
139
1276
1975
4760
8148
3531
7714
3589
6217
4563
5924
1234
1800
888
9562
3242
2356
2368
8512
2053
9005
4757
9004
138
1790
6729
3049
9257
1657
4417
2238
9736
3529
1751
9025
2829
862
4745
2361
8381
3006
9284
5150
7383
6314
631
5270
9720
6155
766
4929
2267
4300
4784
6948
1498
848
7299
9535
952
9883
5094
8566
6674
547
929
4122
702
1472
1784
4034
8899
8823
3333
827
2737
4440
650
6933
9059
2008
8561
8090
2784
2033
1501
6822
7655
8978
6383
3269
6727
6591
9785